NOR 1 15 18
AND 38 39 19
AND 40 41 20
NOR 42 43 21
AND 44 45 22
AND 46 47 23
AND 48 49 24
AND 50 51 25
NOR 52 53 26
NOR 54 55 27
NOR 56 57 28
NOR 58 59 29
AND 60 61 30
AND 62 63 31
NOR 65 66 64
NOR 5 15 67
NOR 14 15 68
AND 4 70 69
AND 1 2 71
NOR 1 2 72
AND 3 74 73
NOR 1 3 75
NOR 2 3 76
OR 78 79 77
AND 77 80 42
AND 4 5 81
AND 83 84 82
OR 86 87 85
AND 85 89 88
AND 4 91 90
AND 93 94 92
OR 96 97 95
AND 95 99 98
AND 100 101 65
AND 95 102 66
AND 10 104 103
AND 5 106 105
AND 5 108 107
NOR 4 5 109
NOR 3 4 110
AND 4 112 111
AND 4 114 113
AND 3 115 52
NOR 103 105 116
AND 116 117 54
OR 119 120 118
AND 118 121 56
AND 1 64 57
AND 5 122 58
NOR 13 17 123
AND 13 17 124
NOR 14 16 125
AND 14 16 126
OR 128 129 127
OR 3 131 130
OR 133 134 132
OR 136 137 135
OR 139 140 138
OR 4 142 141
OR 144 145 143
OR 147 148 146
OR 150 151 149
NAND 1 64 152
OR 154 155 153
OR 2 5 156
OR 3 4 157
OR 159 160 158
OR 5 162 161
OR 8 164 163
OR 15 165 43
OR 167 168 166
OR 169 170 53
NAND 149 152 55
OR 171 172 59
NOR 67 68 173
BUF 9 32
BUF 11 33
BUF 7 34
BUF 10 35
BUF 12 36
BUF 8 37
NOR 125 126 62
NOR 123 124 60
OR 174 175 172
NAND 153 156 171
NAND 5 146 120
NAND 141 143 119
OR 176 177 142
OR 178 179 151
OR 180 181 150
NOR 4 64 117
NOR 2 3 106
AND 3 5 104
OR 182 183 170
NAND 132 135 169
OR 184 185 134
OR 2 3 133
AND 5 186 115
NOR 111 113 50
OR 187 188 168
NAND 158 161 167
NAND 3 5 164
NAND 2 3 162
OR 189 190 160
OR 2 3 159
NOR 64 110 49
NOR 107 109 48
AND 90 191 101
AND 2 192 100
NOR 92 98 46
NAND 13 90 97
OR 2 3 96
AND 90 193 94
AND 2 194 93
NOR 82 88 44
NOR 5 14 89
OR 195 196 87
OR 197 198 86
AND 1 81 84
NOR 2 3 83
NAND 127 130 165
OR 199 200 131
NAND 3 4 129
NAND 1 2 128
NAND 2 3 201
NOR 15 76 41
NOR 73 75 40
AND 1 2 74
NOR 15 72 39
NOR 69 71 38
AND 1 202 70
INV 173 45
INV 15 47
INV 166 51
INV 15 61
INV 15 63
INV 1 78
BUF 201 79
INV 4 80
INV 5 91
INV 6 99
INV 6 102
INV 7 108
INV 8 112
INV 5 114
INV 64 121
INV 12 122
INV 4 136
BUF 9 137
INV 4 139
BUF 5 140
INV 3 144
BUF 11 145
INV 4 147
BUF 11 148
INV 4 154
BUF 5 155
BUF 64 174
INV 157 175
INV 2 176
BUF 3 177
INV 5 178
BUF 10 179
INV 4 180
BUF 64 181
BUF 64 182
INV 138 183
BUF 4 184
INV 5 185
INV 9 186
BUF 64 187
INV 163 188
BUF 4 189
INV 5 190
INV 13 191
INV 3 192
INV 13 193
INV 3 194
INV 1 195
BUF 2 196
BUF 3 197
INV 4 198
INV 1 199
BUF 2 200
INV 3 202
INPUT  1 2 3 4 5 6 7 8 9 10 11 12 13 14 15 16 17 -1
OUTPUT  18 19 20 21 22 23 24 25 26 27 28 29 30 31 32 33 34 35 36 37 -1