NOR 16 51 25
NOR 16 52 26
NOR 16 53 27
OR 16 54 28
OR 16 55 29
OR 16 56 30
OR 16 57 31
NOR 58 59 32
NOR 60 61 33
NOR 62 63 34
NOR 64 65 35
INV 66 36
INV 67 37
INV 68 38
INV 69 39
AND 1 70 40
NAND 1 71 41
OR 73 74 72
INV 72 42
NOR 76 77 75
NOR 79 80 78
NOR 82 83 81
NOR 85 86 84
NOR 88 89 87
NOR 91 92 90
OR 7 94 93
NAND 93 96 95
OR 97 98 94
OR 100 101 99
OR 103 104 102
OR 106 107 105
INV 4 50
INV 5 49
INV 6 48
INV 7 47
NOR 108 109 54
NOR 110 111 55
NOR 112 113 56
NOR 114 115 57
AND 72 117 116
INV 8 46
INV 9 45
INV 10 44
INV 11 43
NOR 119 120 118
NOR 122 123 121
NOR 125 126 124
NOR 128 129 127
NOR 130 131 66
NOR 132 133 67
NOR 134 135 68
NOR 136 137 69
AND 139 140 138
AND 141 142 76
OR 144 145 143
AND 78 143 77
NAND 4 105 146
AND 146 147 79
NOR 4 105 80
AND 148 149 82
OR 151 152 150
AND 84 150 83
NAND 5 102 153
AND 153 154 85
NOR 5 102 86
AND 155 156 88
OR 158 159 157
AND 90 157 89
NAND 6 99 160
AND 160 161 91
NOR 6 99 92
AND 116 162 108
NOR 4 116 109
AND 116 163 110
NOR 5 116 111
AND 116 164 112
NOR 6 116 113
AND 116 165 114
NOR 7 116 115
NOR 116 118 58
AND 116 166 59
NOR 116 121 60
AND 116 167 61
NOR 116 124 62
AND 116 168 63
NOR 116 127 64
AND 116 169 65
AND 20 72 119
NOR 8 72 120
AND 19 72 122
NOR 9 72 123
AND 18 72 125
NOR 10 72 126
AND 17 72 128
NOR 11 72 129
AND 24 138 130
AND 12 170 131
AND 23 138 132
AND 13 171 133
AND 22 138 134
AND 14 172 135
AND 21 138 136
AND 15 173 137
AND 72 175 174
OR 1 174 176
AND 3 72 177
OR 2 177 178
OR 3 72 179
NAND 7 94 96
AND 2 3 71
NAND 1 174 180
NAND 176 180 51
NAND 2 3 181
NAND 2 177 182
NAND 178 182 52
NAND 3 72 183
NAND 179 183 53
NAND 93 99 184
NOR 93 99 155
NAND 90 102 185
NOR 90 102 148
NAND 84 105 186
NOR 84 105 141
NOR 2 3 139
OR 188 189 187
INV 181 70
INV 1 73
BUF 187 74
BUF 11 97
INV 15 98
BUF 11 100
INV 14 101
BUF 11 103
INV 13 104
BUF 11 106
INV 12 107
INV 138 117
INV 1 140
INV 4 142
INV 4 144
BUF 186 145
INV 84 147
INV 5 149
INV 5 151
BUF 185 152
INV 90 154
INV 6 156
INV 6 158
BUF 184 159
INV 93 161
INV 78 162
INV 75 163
INV 81 164
INV 87 165
INV 95 166
INV 8 167
INV 9 168
INV 10 169
INV 138 170
INV 138 171
INV 138 172
INV 138 173
INV 181 175
BUF 2 188
INV 3 189
INPUT  1 2 3 4 5 6 7 8 9 10 11 12 13 14 15 16 17 18 19 20 21 22 23 24 -1
OUTPUT  25 26 27 28 29 30 31 32 33 34 35 36 37 38 39 40 41 42 43 44 45 46 47 48 49 50 -1